Flow Rate= 18.00 %	
Pulse Frequency= 5.00 Hz	
	
Points coordinates	
"X, mm"	"Y, mm"
3.97	5.99
3.97	11.19
3.97	15.86
3.97	22.12
3.97	28.38
3.97	32.69
6.61	6.61
6.61	13.75
6.61	21.33
6.61	28.82
6.61	36.48
6.61	43.36
9.34	6.87
9.34	16.13
9.34	25.56
9.34	35.07
9.34	44.5
9.34	53.93
11.98	7.31
11.98	17.54
11.98	27.93
11.98	38.86
11.98	50.49
11.98	61.16
14.63	7.4
14.63	17.98
14.63	29.52
14.63	41.15
14.63	53.05
14.63	64.33
17.36	7.23
17.36	17.89
17.36	29.87
17.36	41.68
17.36	53.75
17.36	66
20	6.96
20	17.1
20	28.29
20	40.1
20	52.34
20	63.89
22.65	6.43
22.65	15.51
22.65	25.38
22.65	36.66
22.65	48.55
22.65	59.75
25.38	5.9
25.38	12.87
25.38	21.15
25.38	29.7
25.38	40.18
25.38	48.64
28.02	4.58
28.02	9.69
28.02	15.6
28.02	21.94
28.02	29.34
28.02	37.45
	
----------------------------------------------------------	
